&NL_ATM
 P0 = 1.00000000 ,
 T0 = 2000.000000 /
